TABLA 1;;;TABLA 2;;;;;;;;;;;;;;;;
99;;;349;;;;;;;;;;;;;;;;
0;1;39;1;1;2;;;;;;;;;;;;;;
1;40;1;2;5;3;;;;;;;;;;;;;;
2;41;1;3;13;5;;;;;;;;;;;;;;
3;42;1;4;26;6;;;;;;;;;;;;;;
4;43;1;5;29;9;;;;;;;;;;;;;;
5;44;1;6;35;12;;;;;;;;;;;;;;
6;45;2;7;39;16;;;;;;;;;;;;;;
7;47;1;8;45;17;;;;;;;;;;;;;;
8;48;1;9;49;19;;;;;;;;;;;;;;
9;49;1;10;56;20;;;;;;;;;;;;;;
10;50;1;11;95;21;;;;;;;;;;;;;;
11;51;1;12;60;23;;;;;;;;;;;;;;
12;52;2;13;71;28;;;;;;;;;;;;;;
13;54;2;14;71;29;;;;;;;;;;;;;;
14;56;1;15;71;30;;;;;;;;;;;;;;
15;57;1;16;71;31;;;;;;;;;;;;;;
16;58;1;17;71;32;;;;;;;;;;;;;;
17;59;1;18;71;33;;;;;;;;;;;;;;
18;60;1;19;71;34;;;;;;;;;;;;;;
19;61;1;20;71;35;;;;;;;;;;;;;;
20;62;1;21;71;36;;;;;;;;;;;;;;
21;63;1;22;71;37;;;;;;;;;;;;;;
22;64;1;23;86;39;;;;;;;;;;;;;;
23;65;1;24;73;40;;;;;;;;;;;;;;
24;66;1;25;88;42;;;;;;;;;;;;;;
25;67;2;26;89;43;;;;;;;;;;;;;;
26;69;2;27;79;44;;;;;;;;;;;;;;
27;71;1;28;72;47;;;;;;;;;;;;;;
28;72;3;29;69;48;;;;;;;;;;;;;;
29;75;1;30;74;49;;;;;;;;;;;;;;
30;76;1;31;75;50;;;;;;;;;;;;;;
31;77;1;32;76;51;;;;;;;;;;;;;;
32;78;1;33;77;52;;;;;;;;;;;;;;
33;79;1;34;78;53;;;;;;;;;;;;;;
34;80;3;35;80;54;;;;;;;;;;;;;;
35;83;1;36;82;55;;;;;;;;;;;;;;
36;84;1;37;84;56;;;;;;;;;;;;;;
37;85;1;38;87;57;;;;;;;;;;;;;;
38;86;2;39;90;58;;;;;;;;;;;;;;
39;88;1;40;2;16;;;;;;;;;;;;;;
40;89;1;41;3;16;;;;;;;;;;;;;;
41;90;1;42;4;12;;;;;;;;;;;;;;
42;91;1;43;-1;44;;;;;;;;;;;;;;
43;92;1;44;6;1;;;;;;;;;;;;;;
44;93;3;45;7;4;;;;;;;;;;;;;;
45;96;1;46;11;20;;;;;;;;;;;;;;
46;97;1;47;8;5;;;;;;;;;;;;;;
47;98;1;48;9;14;;;;;;;;;;;;;;
48;99;3;49;10;1;;;;;;;;;;;;;;
49;102;1;50;-2;44;;;;;;;;;;;;;;
50;103;1;51;12;16;;;;;;;;;;;;;;
51;104;1;52;-3;38;;;;;;;;;;;;;;
52;105;1;53;-3;45;;;;;;;;;;;;;;
53;106;1;54;14;14;;;;;;;;;;;;;;
54;107;1;55;19;20;;;;;;;;;;;;;;
55;108;3;56;15;21;;;;;;;;;;;;;;
56;111;1;57;16;5;;;;;;;;;;;;;;
57;112;4;58;17;19;;;;;;;;;;;;;;
58;116;1;59;18;16;;;;;;;;;;;;;;
59;117;3;60;-4;44;;;;;;;;;;;;;;
60;120;1;61;20;3;;;;;;;;;;;;;;
61;121;1;62;21;19;;;;;;;;;;;;;;
62;122;3;63;22;9;;;;;;;;;;;;;;
63;125;1;64;23;2;;;;;;;;;;;;;;
64;126;1;65;24;9;;;;;;;;;;;;;;
65;127;1;66;25;19;;;;;;;;;;;;;;
66;128;1;67;-5;38;;;;;;;;;;;;;;
67;129;1;68;-5;39;;;;;;;;;;;;;;
68;130;3;69;91;1;;;;;;;;;;;;;;
69;133;27;70;27;9;;;;;;;;;;;;;;
70;160;41;71;28;14;;;;;;;;;;;;;;
71;201;14;72;-6;38;;;;;;;;;;;;;;
72;215;39;73;-6;45;;;;;;;;;;;;;;
73;254;39;74;-6;46;;;;;;;;;;;;;;
74;293;2;75;30;14;;;;;;;;;;;;;;
75;295;12;76;31;9;;;;;;;;;;;;;;
76;307;2;77;32;3;;;;;;;;;;;;;;
77;309;2;78;33;9;;;;;;;;;;;;;;
78;311;2;79;34;16;;;;;;;;;;;;;;
79;313;2;80;-7;38;;;;;;;;;;;;;;
80;315;3;81;-7;45;;;;;;;;;;;;;;
81;318;2;82;-7;46;;;;;;;;;;;;;;
82;320;3;83;36;5;;;;;;;;;;;;;;
83;323;2;84;37;5;;;;;;;;;;;;;;
84;325;3;85;38;19;;;;;;;;;;;;;;
85;328;2;86;-8;38;;;;;;;;;;;;;;
86;330;2;87;-8;39;;;;;;;;;;;;;;
87;332;2;88;40;17;;;;;;;;;;;;;;
88;334;2;89;41;3;;;;;;;;;;;;;;
89;336;2;90;42;9;;;;;;;;;;;;;;
90;338;2;91;43;16;;;;;;;;;;;;;;
91;340;1;92;44;14;;;;;;;;;;;;;;
92;341;1;93;-9;38;;;;;;;;;;;;;;
93;342;1;94;-9;39;;;;;;;;;;;;;;
94;343;2;95;-9;45;;;;;;;;;;;;;;
95;345;1;96;46;1;;;;;;;;;;;;;;
96;346;1;97;47;19;;;;;;;;;;;;;;
97;347;1;98;48;1;;;;;;;;;;;;;;
98;348;2;99;-10;38;;;;;;;;;;;;;;
;;;100;-10;39;;;;;;;;;;;;;;
;;;101;-10;45;;;;;;;;;;;;;;
;;;102;50;5;;;;;;;;;;;;;;
;;;103;51;17;;;;;;;;;;;;;;
;;;104;52;5;;;;;;;;;;;;;;
;;;105;53;21;;;;;;;;;;;;;;
;;;106;54;9;;;;;;;;;;;;;;
;;;107;55;19;;;;;;;;;;;;;;
;;;108;-11;38;;;;;;;;;;;;;;
;;;109;-11;39;;;;;;;;;;;;;;
;;;110;-11;45;;;;;;;;;;;;;;
;;;111;57;9;;;;;;;;;;;;;;
;;;112;58;14;;;;;;;;;;;;;;
;;;113;-12;38;;;;;;;;;;;;;;
;;;114;-12;39;;;;;;;;;;;;;;
;;;115;-12;45;;;;;;;;;;;;;;
;;;116;59;16;;;;;;;;;;;;;;
;;;117;-13;38;;;;;;;;;;;;;;
;;;118;-13;42;;;;;;;;;;;;;;
;;;119;-13;45;;;;;;;;;;;;;;
;;;120;61;1;;;;;;;;;;;;;;
;;;121;62;19;;;;;;;;;;;;;;
;;;122;63;9;;;;;;;;;;;;;;
;;;123;-14;38;;;;;;;;;;;;;;
;;;124;-14;45;;;;;;;;;;;;;;
;;;125;64;1;;;;;;;;;;;;;;
;;;126;65;2;;;;;;;;;;;;;;
;;;127;66;12;;;;;;;;;;;;;;
;;;128;67;5;;;;;;;;;;;;;;
;;;129;68;20;;;;;;;;;;;;;;
;;;130;-15;38;;;;;;;;;;;;;;
;;;131;-15;45;;;;;;;;;;;;;;
;;;132;-15;46;;;;;;;;;;;;;;
;;;133;70;1;;;;;;;;;;;;;;
;;;134;70;2;;;;;;;;;;;;;;
;;;135;70;3;;;;;;;;;;;;;;
;;;136;70;4;;;;;;;;;;;;;;
;;;137;70;5;;;;;;;;;;;;;;
;;;138;70;6;;;;;;;;;;;;;;
;;;139;70;7;;;;;;;;;;;;;;
;;;140;70;8;;;;;;;;;;;;;;
;;;141;70;9;;;;;;;;;;;;;;
;;;142;70;10;;;;;;;;;;;;;;
;;;143;70;11;;;;;;;;;;;;;;
;;;144;70;12;;;;;;;;;;;;;;
;;;145;70;13;;;;;;;;;;;;;;
;;;146;70;14;;;;;;;;;;;;;;
;;;147;70;15;;;;;;;;;;;;;;
;;;148;70;16;;;;;;;;;;;;;;
;;;149;70;17;;;;;;;;;;;;;;
;;;150;70;18;;;;;;;;;;;;;;
;;;151;70;19;;;;;;;;;;;;;;
;;;152;70;20;;;;;;;;;;;;;;
;;;153;70;21;;;;;;;;;;;;;;
;;;154;70;22;;;;;;;;;;;;;;
;;;155;70;23;;;;;;;;;;;;;;
;;;156;70;24;;;;;;;;;;;;;;
;;;157;70;25;;;;;;;;;;;;;;
;;;158;70;26;;;;;;;;;;;;;;
;;;159;70;27;;;;;;;;;;;;;;
;;;160;70;1;;;;;;;;;;;;;;
;;;161;70;2;;;;;;;;;;;;;;
;;;162;70;3;;;;;;;;;;;;;;
;;;163;70;4;;;;;;;;;;;;;;
;;;164;70;5;;;;;;;;;;;;;;
;;;165;70;6;;;;;;;;;;;;;;
;;;166;70;7;;;;;;;;;;;;;;
;;;167;70;8;;;;;;;;;;;;;;
;;;168;70;9;;;;;;;;;;;;;;
;;;169;70;10;;;;;;;;;;;;;;
;;;170;70;11;;;;;;;;;;;;;;
;;;171;70;12;;;;;;;;;;;;;;
;;;172;70;13;;;;;;;;;;;;;;
;;;173;70;14;;;;;;;;;;;;;;
;;;174;70;15;;;;;;;;;;;;;;
;;;175;70;16;;;;;;;;;;;;;;
;;;176;70;17;;;;;;;;;;;;;;
;;;177;70;18;;;;;;;;;;;;;;
;;;178;70;19;;;;;;;;;;;;;;
;;;179;70;20;;;;;;;;;;;;;;
;;;180;70;21;;;;;;;;;;;;;;
;;;181;70;22;;;;;;;;;;;;;;
;;;182;70;23;;;;;;;;;;;;;;
;;;183;70;24;;;;;;;;;;;;;;
;;;184;70;25;;;;;;;;;;;;;;
;;;185;70;26;;;;;;;;;;;;;;
;;;186;70;27;;;;;;;;;;;;;;
;;;187;70;28;;;;;;;;;;;;;;
;;;188;70;29;;;;;;;;;;;;;;
;;;189;70;30;;;;;;;;;;;;;;
;;;190;70;31;;;;;;;;;;;;;;
;;;191;70;32;;;;;;;;;;;;;;
;;;192;70;33;;;;;;;;;;;;;;
;;;193;70;34;;;;;;;;;;;;;;
;;;194;70;35;;;;;;;;;;;;;;
;;;195;70;36;;;;;;;;;;;;;;
;;;196;70;37;;;;;;;;;;;;;;
;;;197;-16;38;;;;;;;;;;;;;;
;;;198;-16;44;;;;;;;;;;;;;;
;;;199;-16;45;;;;;;;;;;;;;;
;;;200;-16;57;;;;;;;;;;;;;;
;;;201;71;28;;;;;;;;;;;;;;
;;;202;71;29;;;;;;;;;;;;;;
;;;203;71;30;;;;;;;;;;;;;;
;;;204;71;31;;;;;;;;;;;;;;
;;;205;71;32;;;;;;;;;;;;;;
;;;206;71;33;;;;;;;;;;;;;;
;;;207;71;34;;;;;;;;;;;;;;
;;;208;71;35;;;;;;;;;;;;;;
;;;209;71;36;;;;;;;;;;;;;;
;;;210;71;37;;;;;;;;;;;;;;
;;;211;-17;38;;;;;;;;;;;;;;
;;;212;-17;44;;;;;;;;;;;;;;
;;;213;-17;45;;;;;;;;;;;;;;
;;;214;-17;57;;;;;;;;;;;;;;
;;;215;72;1;;;;;;;;;;;;;;
;;;216;72;2;;;;;;;;;;;;;;
;;;217;72;3;;;;;;;;;;;;;;
;;;218;72;4;;;;;;;;;;;;;;
;;;219;72;5;;;;;;;;;;;;;;
;;;220;72;6;;;;;;;;;;;;;;
;;;221;72;7;;;;;;;;;;;;;;
;;;222;72;8;;;;;;;;;;;;;;
;;;223;72;9;;;;;;;;;;;;;;
;;;224;72;10;;;;;;;;;;;;;;
;;;225;72;11;;;;;;;;;;;;;;
;;;226;72;12;;;;;;;;;;;;;;
;;;227;72;13;;;;;;;;;;;;;;
;;;228;72;14;;;;;;;;;;;;;;
;;;229;72;15;;;;;;;;;;;;;;
;;;230;72;16;;;;;;;;;;;;;;
;;;231;72;17;;;;;;;;;;;;;;
;;;232;72;18;;;;;;;;;;;;;;
;;;233;72;19;;;;;;;;;;;;;;
;;;234;72;20;;;;;;;;;;;;;;
;;;235;72;21;;;;;;;;;;;;;;
;;;236;72;22;;;;;;;;;;;;;;
;;;237;72;23;;;;;;;;;;;;;;
;;;238;72;24;;;;;;;;;;;;;;
;;;239;72;25;;;;;;;;;;;;;;
;;;240;72;26;;;;;;;;;;;;;;
;;;241;72;27;;;;;;;;;;;;;;
;;;242;72;28;;;;;;;;;;;;;;
;;;243;72;29;;;;;;;;;;;;;;
;;;244;72;30;;;;;;;;;;;;;;
;;;245;72;31;;;;;;;;;;;;;;
;;;246;72;32;;;;;;;;;;;;;;
;;;247;72;33;;;;;;;;;;;;;;
;;;248;72;34;;;;;;;;;;;;;;
;;;249;72;35;;;;;;;;;;;;;;
;;;250;72;36;;;;;;;;;;;;;;
;;;251;72;37;;;;;;;;;;;;;;
;;;252;72;38;;;;;;;;;;;;;;
;;;253;-18;47;;;;;;;;;;;;;;
;;;254;73;1;;;;;;;;;;;;;;
;;;255;73;2;;;;;;;;;;;;;;
;;;256;73;3;;;;;;;;;;;;;;
;;;257;73;4;;;;;;;;;;;;;;
;;;258;73;5;;;;;;;;;;;;;;
;;;259;73;6;;;;;;;;;;;;;;
;;;260;73;7;;;;;;;;;;;;;;
;;;261;73;8;;;;;;;;;;;;;;
;;;262;73;9;;;;;;;;;;;;;;
;;;263;73;10;;;;;;;;;;;;;;
;;;264;73;11;;;;;;;;;;;;;;
;;;265;73;12;;;;;;;;;;;;;;
;;;266;73;13;;;;;;;;;;;;;;
;;;267;73;14;;;;;;;;;;;;;;
;;;268;73;15;;;;;;;;;;;;;;
;;;269;73;16;;;;;;;;;;;;;;
;;;270;73;17;;;;;;;;;;;;;;
;;;271;73;18;;;;;;;;;;;;;;
;;;272;73;19;;;;;;;;;;;;;;
;;;273;73;20;;;;;;;;;;;;;;
;;;274;73;21;;;;;;;;;;;;;;
;;;275;73;22;;;;;;;;;;;;;;
;;;276;73;23;;;;;;;;;;;;;;
;;;277;73;24;;;;;;;;;;;;;;
;;;278;73;25;;;;;;;;;;;;;;
;;;279;73;26;;;;;;;;;;;;;;
;;;280;73;27;;;;;;;;;;;;;;
;;;281;73;28;;;;;;;;;;;;;;
;;;282;73;29;;;;;;;;;;;;;;
;;;283;73;30;;;;;;;;;;;;;;
;;;284;73;31;;;;;;;;;;;;;;
;;;285;73;32;;;;;;;;;;;;;;
;;;286;73;33;;;;;;;;;;;;;;
;;;287;73;34;;;;;;;;;;;;;;
;;;288;73;35;;;;;;;;;;;;;;
;;;289;73;36;;;;;;;;;;;;;;
;;;290;73;37;;;;;;;;;;;;;;
;;;291;73;38;;;;;;;;;;;;;;
;;;292;-19;41;;;;;;;;;;;;;;
;;;293;-20;38;;;;;;;;;;;;;;
;;;294;-20;45;;;;;;;;;;;;;;
;;;295;71;28;;;;;;;;;;;;;;
;;;296;71;29;;;;;;;;;;;;;;
;;;297;71;30;;;;;;;;;;;;;;
;;;298;71;31;;;;;;;;;;;;;;
;;;299;71;32;;;;;;;;;;;;;;
;;;300;71;33;;;;;;;;;;;;;;
;;;301;71;34;;;;;;;;;;;;;;
;;;302;71;35;;;;;;;;;;;;;;
;;;303;71;36;;;;;;;;;;;;;;
;;;304;71;37;;;;;;;;;;;;;;
;;;305;-21;38;;;;;;;;;;;;;;
;;;306;-21;45;;;;;;;;;;;;;;
;;;307;-22;38;;;;;;;;;;;;;;
;;;308;-22;45;;;;;;;;;;;;;;
;;;309;-23;38;;;;;;;;;;;;;;
;;;310;-23;45;;;;;;;;;;;;;;
;;;311;-24;38;;;;;;;;;;;;;;
;;;312;-24;45;;;;;;;;;;;;;;
;;;313;-25;38;;;;;;;;;;;;;;
;;;314;-25;45;;;;;;;;;;;;;;
;;;315;-26;38;;;;;;;;;;;;;;
;;;316;-26;45;;;;;;;;;;;;;;
;;;317;81;54;;;;;;;;;;;;;;
;;;318;-27;38;;;;;;;;;;;;;;
;;;319;-27;45;;;;;;;;;;;;;;
;;;320;-28;38;;;;;;;;;;;;;;
;;;321;-28;45;;;;;;;;;;;;;;
;;;322;83;54;;;;;;;;;;;;;;
;;;323;-29;38;;;;;;;;;;;;;;
;;;324;-29;45;;;;;;;;;;;;;;
;;;325;-30;38;;;;;;;;;;;;;;
;;;326;-30;45;;;;;;;;;;;;;;
;;;327;85;54;;;;;;;;;;;;;;
;;;328;-31;38;;;;;;;;;;;;;;
;;;329;-31;45;;;;;;;;;;;;;;
;;;330;-32;38;;;;;;;;;;;;;;
;;;331;-32;45;;;;;;;;;;;;;;
;;;332;-33;38;;;;;;;;;;;;;;
;;;333;-33;45;;;;;;;;;;;;;;
;;;334;-34;38;;;;;;;;;;;;;;
;;;335;-34;45;;;;;;;;;;;;;;
;;;336;-35;38;;;;;;;;;;;;;;
;;;337;-35;45;;;;;;;;;;;;;;
;;;338;-36;38;;;;;;;;;;;;;;
;;;339;-36;45;;;;;;;;;;;;;;
;;;340;92;12;;;;;;;;;;;;;;
;;;341;93;20;;;;;;;;;;;;;;
;;;342;94;5;;;;;;;;;;;;;;
;;;343;-37;38;;;;;;;;;;;;;;
;;;344;-37;45;;;;;;;;;;;;;;
;;;345;96;19;;;;;;;;;;;;;;
;;;346;97;22;;;;;;;;;;;;;;
;;;347;98;5;;;;;;;;;;;;;;
;;;348;-38;38;;;;;;;;;;;;;;
;;;349;-38;45;;;;;;;;;;;;;;
